cap [veh/s]		len [m]			FFT [s]			capacity		length			free_flow_time	b		power	speed	toll	link_type	;
7.1945			9.6561e+03		360				25900.20064		6				6				0.15	4	0	0	1	;
6.5010			6.4374e+03		240				23403.47319		4				4				0.15	4	0	0	1	;
7.1945			9.6561e+03		360				25900.20064		6				6				0.15	4	0	0	1	;
1.3773			8.0467e+03		300				4958.180928		5				5				0.15	4	0	0	1	;
6.5010			6.4374e+03		240				23403.47319		4				4				0.15	4	0	0	1	;
4.7529			6.4374e+03		240				17110.52372		4				4				0.15	4	0	0	1	;
6.5010			6.4374e+03		240				23403.47319		4				4				0.15	4	0	0	1	;
4.7529			6.4374e+03		240				17110.52372		4				4				0.15	4	0	0	1	;
4.9397			3.2187e+03		120				17782.7941		2				2				0.15	4	0	0	1	;
1.3636			9.6561e+03		360				4908.82673		6				6				0.15	4	0	0	1	;
4.9397			3.2187e+03		120				17782.7941		2				2				0.15	4	0	0	1	;
1.3744			6.4374e+03		240				4947.995469		4				4				0.15	4	0	0	1	;
2.7778			8.0467e+03		300				10000			5				5				0.15	4	0	0	1	;
1.3773			8.0467e+03		300				4958.180928		5				5				0.15	4	0	0	1	;
1.3744			6.4374e+03		240				4947.995469		4				4				0.15	4	0	0	1	;
1.3607			3.2187e+03		120				4898.587646		2				2				0.15	4	0	0	1	;
2.1783			4.8280e+03		180				7841.81131		3				3				0.15	4	0	0	1	;
6.5010			3.2187e+03		120				23403.47319		2				2				0.15	4	0	0	1	;
1.3607			3.2187e+03		120				4898.587646		2				2				0.15	4	0	0	1	;
2.1783			4.8280e+03		180				7841.81131		3				3				0.15	4	0	0	1	;
1.4028			1.6093e+04		600				5050.193156		10				10				0.15	4	0	0	1	;
1.4016			8.0467e+03		300				5045.822583		5				5				0.15	4	0	0	1	;
2.7778			8.0467e+03		300				10000			5				5				0.15	4	0	0	1	;
1.4028			1.6093e+04		600				5050.193156		10				10				0.15	4	0	0	1	;
3.8655			4.8280e+03		180				13915.78842		3				3				0.15	4	0	0	1	;
3.8655			4.8280e+03		180				13915.78842		3				3				0.15	4	0	0	1	;
2.7778			8.0467e+03		300				10000			5				5				0.15	4	0	0	1	;
3.7533			9.6561e+03		360				13512.00155		6				6				0.15	4	0	0	1	;
1.3486			6.4374e+03		240				4854.917717		4				4				0.15	4	0	0	1	;
1.3871			1.2875e+04		480				4993.510694		8				8				0.15	4	0	0	1	;
1.3636			9.6561e+03		360				4908.82673		6				6				0.15	4	0	0	1	;
2.7778			8.0467e+03		300				10000			5				5				0.15	4	0	0	1	;
1.3636			9.6561e+03		360				4908.82673		6				6				0.15	4	0	0	1	;
1.3546			6.4374e+03		240				4876.508287		4				4				0.15	4	0	0	1	;
6.5010			6.4374e+03		240				23403.47319		4				4				0.15	4	0	0	1	;
1.3636			9.6561e+03		360				4908.82673		6				6				0.15	4	0	0	1	;
7.1945			4.8280e+03		180				25900.20064		3				3				0.15	4	0	0	1	;
7.1945			4.8280e+03		180				25900.20064		3				3				0.15	4	0	0	1	;
1.4142			6.4374e+03		240				5091.256152		4				4				0.15	4	0	0	1	;
1.3546			6.4374e+03		240				4876.508287		4				4				0.15	4	0	0	1	;
1.4243			8.0467e+03		300				5127.526119		5				5				0.15	4	0	0	1	;
1.3680			6.4374e+03		240				4924.790605		4				4				0.15	4	0	0	1	;
3.7533			9.6561e+03		360				13512.00155		6				6				0.15	4	0	0	1	;
1.4243			8.0467e+03		300				5127.526119		5				5				0.15	4	0	0	1	;
4.0458			4.8280e+03		180				14564.75315		3				3				0.15	4	0	0	1	;
2.6664			4.8280e+03		180				9599.180565		3				3				0.15	4	0	0	1	;
1.4016			8.0467e+03		300				5045.822583		5				5				0.15	4	0	0	1	;
1.3486			6.4374e+03		240				4854.917717		4				4				0.15	4	0	0	1	;
1.4528			3.2187e+03		120				5229.910063		2				2				0.15	4	0	0	1	;
5.4666			4.8280e+03		180				19679.89671		3				3				0.15	4	0	0	1	;
1.3871			1.2875e+04		480				4993.510694		8				8				0.15	4	0	0	1	;
1.4528			3.2187e+03		120				5229.910063		2				2				0.15	4	0	0	1	;
1.3400			3.2187e+03		120				4823.950831		2				2				0.15	4	0	0	1	;
6.5010			3.2187e+03		120				23403.47319		2				2				0.15	4	0	0	1	;
5.4666			4.8280e+03		180				19679.89671		3				3				0.15	4	0	0	1	;
6.5010			6.4374e+03		240				23403.47319		4				4				0.15	4	0	0	1	;
4.0458			4.8280e+03		180				14564.75315		3				3				0.15	4	0	0	1	;
1.3400			3.2187e+03		120				4823.950831		2				2				0.15	4	0	0	1	;
1.3896			6.4374e+03		240				5002.607563		4				4				0.15	4	0	0	1	;
6.5010			6.4374e+03		240				23403.47319		4				4				0.15	4	0	0	1	;
1.3896			6.4374e+03		240				5002.607563		4				4				0.15	4	0	0	1	;
1.4055			9.6561e+03		360				5059.91234		6				6				0.15	4	0	0	1	;
1.4099			8.0467e+03		300				5075.697193		5				5				0.15	4	0	0	1	;
1.4055			9.6561e+03		360				5059.91234		6				6				0.15	4	0	0	1	;
1.4528			3.2187e+03		120				5229.910063		2				2				0.15	4	0	0	1	;
1.3570			4.8280e+03		180				4885.357564		3				3				0.15	4	0	0	1	;
2.6664			4.8280e+03		180				9599.180565		3				3				0.15	4	0	0	1	;
1.4099			8.0467e+03		300				5075.697193		5				5				0.15	4	0	0	1	;
1.4528			3.2187e+03		120				5229.910063		2				2				0.15	4	0	0	1	;
1.3889			6.4374e+03		240				5000			4				4				0.15	4	0	0	1	;
1.3680			6.4374e+03		240				4924.790605		4				4				0.15	4	0	0	1	;
1.3889			6.4374e+03		240				5000			4				4				0.15	4	0	0	1	;
1.4107			3.2187e+03		120				5078.508436		2				2				0.15	4	0	0	1	;
1.4142			6.4374e+03		240				5091.256152		4				4				0.15	4	0	0	1	;
1.3570			4.8280e+03		180				4885.357564		3				3				0.15	4	0	0	1	;
1.4107			3.2187e+03		120				5078.508436		2				2				0.15	4	0	0	1	;
